; Generated by Rgadget 0.5
areas	1
size	1375960
temperature	
year	2013	2013	2013	2014	2014	2014	2014	2015	2015	2015	2015	2016	2016	2016	2016	2017	2017	2017	2017	2018	2018	2018	2018	2019	2019	2019	2019	2020	2020	2020	2020	2021	2021	2021	2021	2022	2022	2022	2022	2023	2023	2023	2023	2024	2024	2024	2024	2025	2025	2025	2025	2026	2026	2026	2026	2027	2027	2027	2027	2028	2028	2028	2028	2029	2029	2029	2029	2030	2030	2030	2030	2031	2031	2031	2031	2032	2032	2032	2032	2033	2033	2033	2033	2034	2034	2034	2034	2035	2035	2035	2035	2036	2036	2036	2036	2037	2037	2037	2037	2038	2038	2038	2038	2039	2039	2039	2039	2040	2040	2040	2040	2041	2041	2041	2041	2042	2042	2042	2042	2043	2043	2043	2043	2044	2044	2044	2044	2045	2045	2045	2045	2046	2046	2046	2046	2047	2047	2047	2047	2048	2048	2048	2048	2049	2049	2049	2049	2050	2050	2050	2050	2051	2051	2051	2051	2052	2052	2052	2052	2053	2053	2053	2053	2054	2054	2054	2054	2055	2055	2055	2055	2056	2056	2056	2056	2057	2057	2057	2057	2058	2058	2058	2058	2059	2059	2059	2059	2060	2060	2060	2060	2061	2061	2061	2061	2062	2062	2062	2062	2063
step	2	3	4	1	2	3	4	1	2	3	4	1	2	3	4	1	2	3	4	1	2	3	4	1	2	3	4	1	2	3	4	1	2	3	4	1	2	3	4	1	2	3	4	1	2	3	4	1	2	3	4	1	2	3	4	1	2	3	4	1	2	3	4	1	2	3	4	1	2	3	4	1	2	3	4	1	2	3	4	1	2	3	4	1	2	3	4	1	2	3	4	1	2	3	4	1	2	3	4	1	2	3	4	1	2	3	4	1	2	3	4	1	2	3	4	1	2	3	4	1	2	3	4	1	2	3	4	1	2	3	4	1	2	3	4	1	2	3	4	1	2	3	4	1	2	3	4	1	2	3	4	1	2	3	4	1	2	3	4	1	2	3	4	1	2	3	4	1	2	3	4	1	2	3	4	1	2	3	4	1	2	3	4	1	2	3	4	1	2	3	4	1	2	3	4	1	2	3	4	1
area	1	1	1	1	1	1	1	1	1	1	1	1	1	1	1	1	1	1	1	1	1	1	1	1	1	1	1	1	1	1	1	1	1	1	1	1	1	1	1	1	1	1	1	1	1	1	1	1	1	1	1	1	1	1	1	1	1	1	1	1	1	1	1	1	1	1	1	1	1	1	1	1	1	1	1	1	1	1	1	1	1	1	1	1	1	1	1	1	1	1	1	1	1	1	1	1	1	1	1	1	1	1	1	1	1	1	1	1	1	1	1	1	1	1	1	1	1	1	1	1	1	1	1	1	1	1	1	1	1	1	1	1	1	1	1	1	1	1	1	1	1	1	1	1	1	1	1	1	1	1	1	1	1	1	1	1	1	1	1	1	1	1	1	1	1	1	1	1	1	1	1	1	1	1	1	1	1	1	1	1	1	1	1	1	1	1	1	1	1	1	1	1	1	1	1	1	1	1	1	1
; -- data --
; year	step	area	temperature
1961	1	1	5
1961	2	1	5
1961	3	1	5
1961	4	1	5
1962	1	1	5
1962	2	1	5
1962	3	1	5
1962	4	1	5
1963	1	1	5
1963	2	1	5
1963	3	1	5
1963	4	1	5
1964	1	1	5
1964	2	1	5
1964	3	1	5
1964	4	1	5
1965	1	1	5
1965	2	1	5
1965	3	1	5
1965	4	1	5
1966	1	1	5
1966	2	1	5
1966	3	1	5
1966	4	1	5
1967	1	1	5
1967	2	1	5
1967	3	1	5
1967	4	1	5
1968	1	1	5
1968	2	1	5
1968	3	1	5
1968	4	1	5
1969	1	1	5
1969	2	1	5
1969	3	1	5
1969	4	1	5
1970	1	1	5
1970	2	1	5
1970	3	1	5
1970	4	1	5
1971	1	1	5
1971	2	1	5
1971	3	1	5
1971	4	1	5
1972	1	1	5
1972	2	1	5
1972	3	1	5
1972	4	1	5
1973	1	1	5
1973	2	1	5
1973	3	1	5
1973	4	1	5
1974	1	1	5
1974	2	1	5
1974	3	1	5
1974	4	1	5
1975	1	1	5
1975	2	1	5
1975	3	1	5
1975	4	1	5
1976	1	1	5
1976	2	1	5
1976	3	1	5
1976	4	1	5
1977	1	1	5
1977	2	1	5
1977	3	1	5
1977	4	1	5
1978	1	1	5
1978	2	1	5
1978	3	1	5
1978	4	1	5
1979	1	1	5
1979	2	1	5
1979	3	1	5
1979	4	1	5
1980	1	1	5
1980	2	1	5
1980	3	1	5
1980	4	1	5
1981	1	1	5
1981	2	1	5
1981	3	1	5
1981	4	1	5
1982	1	1	5
1982	2	1	5
1982	3	1	5
1982	4	1	5
1983	1	1	5
1983	2	1	5
1983	3	1	5
1983	4	1	5
1984	1	1	5
1984	2	1	5
1984	3	1	5
1984	4	1	5
1985	1	1	5
1985	2	1	5
1985	3	1	5
1985	4	1	5
1986	1	1	5
1986	2	1	5
1986	3	1	5
1986	4	1	5
1987	1	1	5
1987	2	1	5
1987	3	1	5
1987	4	1	5
1988	1	1	5
1988	2	1	5
1988	3	1	5
1988	4	1	5
1989	1	1	5
1989	2	1	5
1989	3	1	5
1989	4	1	5
1990	1	1	5
1990	2	1	5
1990	3	1	5
1990	4	1	5
1991	1	1	5
1991	2	1	5
1991	3	1	5
1991	4	1	5
1992	1	1	5
1992	2	1	5
1992	3	1	5
1992	4	1	5
1993	1	1	5
1993	2	1	5
1993	3	1	5
1993	4	1	5
1994	1	1	5
1994	2	1	5
1994	3	1	5
1994	4	1	5
1995	1	1	5
1995	2	1	5
1995	3	1	5
1995	4	1	5
1996	1	1	5
1996	2	1	5
1996	3	1	5
1996	4	1	5
1997	1	1	5
1997	2	1	5
1997	3	1	5
1997	4	1	5
1998	1	1	5
1998	2	1	5
1998	3	1	5
1998	4	1	5
1999	1	1	5
1999	2	1	5
1999	3	1	5
1999	4	1	5
2000	1	1	5
2000	2	1	5
2000	3	1	5
2000	4	1	5
2001	1	1	5
2001	2	1	5
2001	3	1	5
2001	4	1	5
2002	1	1	5
2002	2	1	5
2002	3	1	5
2002	4	1	5
2003	1	1	5
2003	2	1	5
2003	3	1	5
2003	4	1	5
2004	1	1	5
2004	2	1	5
2004	3	1	5
2004	4	1	5
2005	1	1	5
2005	2	1	5
2005	3	1	5
2005	4	1	5
2006	1	1	5
2006	2	1	5
2006	3	1	5
2006	4	1	5
2007	1	1	5
2007	2	1	5
2007	3	1	5
2007	4	1	5
2008	1	1	5
2008	2	1	5
2008	3	1	5
2008	4	1	5
2009	1	1	5
2009	2	1	5
2009	3	1	5
2009	4	1	5
2010	1	1	5
2010	2	1	5
2010	3	1	5
2010	4	1	5
2011	1	1	5
2011	2	1	5
2011	3	1	5
2011	4	1	5
2012	1	1	5
2012	2	1	5
2012	3	1	5
2012	4	1	5
2013	1	1	5
2013	2	1	5
2013	3	1	5
2013	4	1	5
2013	2	1	5
2013	3	1	5
2013	4	1	5
2014	1	1	5
2014	2	1	5
2014	3	1	5
2014	4	1	5
2015	1	1	5
2015	2	1	5
2015	3	1	5
2015	4	1	5
2016	1	1	5
2016	2	1	5
2016	3	1	5
2016	4	1	5
2017	1	1	5
2017	2	1	5
2017	3	1	5
2017	4	1	5
2018	1	1	5
2018	2	1	5
2018	3	1	5
2018	4	1	5
2019	1	1	5
2019	2	1	5
2019	3	1	5
2019	4	1	5
2020	1	1	5
2020	2	1	5
2020	3	1	5
2020	4	1	5
2021	1	1	5
2021	2	1	5
2021	3	1	5
2021	4	1	5
2022	1	1	5
2022	2	1	5
2022	3	1	5
2022	4	1	5
2023	1	1	5
2023	2	1	5
2023	3	1	5
2023	4	1	5
2024	1	1	5
2024	2	1	5
2024	3	1	5
2024	4	1	5
2025	1	1	5
2025	2	1	5
2025	3	1	5
2025	4	1	5
2026	1	1	5
2026	2	1	5
2026	3	1	5
2026	4	1	5
2027	1	1	5
2027	2	1	5
2027	3	1	5
2027	4	1	5
2028	1	1	5
2028	2	1	5
2028	3	1	5
2028	4	1	5
2029	1	1	5
2029	2	1	5
2029	3	1	5
2029	4	1	5
2030	1	1	5
2030	2	1	5
2030	3	1	5
2030	4	1	5
2031	1	1	5
2031	2	1	5
2031	3	1	5
2031	4	1	5
2032	1	1	5
2032	2	1	5
2032	3	1	5
2032	4	1	5
2033	1	1	5
2033	2	1	5
2033	3	1	5
2033	4	1	5
2034	1	1	5
2034	2	1	5
2034	3	1	5
2034	4	1	5
2035	1	1	5
2035	2	1	5
2035	3	1	5
2035	4	1	5
2036	1	1	5
2036	2	1	5
2036	3	1	5
2036	4	1	5
2037	1	1	5
2037	2	1	5
2037	3	1	5
2037	4	1	5
2038	1	1	5
2038	2	1	5
2038	3	1	5
2038	4	1	5
2039	1	1	5
2039	2	1	5
2039	3	1	5
2039	4	1	5
2040	1	1	5
2040	2	1	5
2040	3	1	5
2040	4	1	5
2041	1	1	5
2041	2	1	5
2041	3	1	5
2041	4	1	5
2042	1	1	5
2042	2	1	5
2042	3	1	5
2042	4	1	5
2043	1	1	5
2043	2	1	5
2043	3	1	5
2043	4	1	5
2044	1	1	5
2044	2	1	5
2044	3	1	5
2044	4	1	5
2045	1	1	5
2045	2	1	5
2045	3	1	5
2045	4	1	5
2046	1	1	5
2046	2	1	5
2046	3	1	5
2046	4	1	5
2047	1	1	5
2047	2	1	5
2047	3	1	5
2047	4	1	5
2048	1	1	5
2048	2	1	5
2048	3	1	5
2048	4	1	5
2049	1	1	5
2049	2	1	5
2049	3	1	5
2049	4	1	5
2050	1	1	5
2050	2	1	5
2050	3	1	5
2050	4	1	5
2051	1	1	5
2051	2	1	5
2051	3	1	5
2051	4	1	5
2052	1	1	5
2052	2	1	5
2052	3	1	5
2052	4	1	5
2053	1	1	5
2053	2	1	5
2053	3	1	5
2053	4	1	5
2054	1	1	5
2054	2	1	5
2054	3	1	5
2054	4	1	5
2055	1	1	5
2055	2	1	5
2055	3	1	5
2055	4	1	5
2056	1	1	5
2056	2	1	5
2056	3	1	5
2056	4	1	5
2057	1	1	5
2057	2	1	5
2057	3	1	5
2057	4	1	5
2058	1	1	5
2058	2	1	5
2058	3	1	5
2058	4	1	5
2059	1	1	5
2059	2	1	5
2059	3	1	5
2059	4	1	5
2060	1	1	5
2060	2	1	5
2060	3	1	5
2060	4	1	5
2061	1	1	5
2061	2	1	5
2061	3	1	5
2061	4	1	5
2062	1	1	5
2062	2	1	5
2062	3	1	5
2062	4	1	5
2063	1	1	5
